2.693862380259814, 8.50440965072727 : 0
8.43487161770873, 0.2572924079860084 : 1
1.4443553971594925, 4.922414354052954 : 1
2.3355922776255222, 1.1976584002903146 : 1
8.185320156638547, 8.083706799601506 : 0
2.5498351156513177, 8.249484301129451 : 0
1.0365236574465675, 3.0610873668036884 : 1
2.344897613268074, 3.5091356149270614 : 1
7.236042252715123, 4.7408691439205395 : 0
0.34514919192805693, 0.9446054567838469 : 1
2.782476024153504, 3.385169938081034 : 1
4.37340393149754, 8.31876705225052 : 0
1.2787391668603232, 3.6394753477099973 : 1
4.09818237012959, 1.1462154523813528 : 1
2.0193068322050776, 2.8767536585381492 : 1
3.9836929524377194, 1.6100444177457962 : 1
1.2236407424353424, 1.8721611642171865 : 1
1.7378631777097997, 9.867476504055679 : 0
0.3501611743150268, 4.036031248347686 : 1
0.2881594885940586, 0.8148492335883195 : 1
2.5674210785648386, 4.464917200577986 : 1
8.643958411572871, 1.0802227901153927 : 1
3.990496020367671, 4.3214517142569155 : 1
7.736526172146921, 7.149119374042435 : 0
5.974132243499466, 0.03748417106720692 : 1
0.7690077741356705, 3.3789306246116957 : 1
5.1486147633726596, 9.566519496103213 : 0
3.628109129481205, 9.581718425780084 : 0
4.330400578265029, 0.3476749204448071 : 1
6.5869881540153745, 7.046468324054861 : 0
6.230132978871888, 3.8217359955285533 : 1
2.2318205511989175, 2.1934255652484014 : 1
6.573871270003103, 8.740480841612193 : 0
5.594395439649005, 9.8476236232047 : 0
5.043950495963766, 7.75456557251297 : 0
7.104464580409447, 3.382106598714513 : 1
1.1460194130233792, 6.863321975862476 : 0
3.4713195618782597, 5.923361306624772 : 0
8.07869507310106, 7.42645848347808 : 0
5.764795396940717, 8.800204518901896 : 0
4.147584480355988, 2.149141516958686 : 1
3.192110138984731, 0.43299367545433176 : 1
6.055835587495658, 3.7039718397011656 : 1
2.585410219077957, 0.9213311126808754 : 1
7.9290538683937335, 8.61685098395645 : 0
6.992927077039654, 6.873205490547978 : 0
7.625633170592967, 7.9944246681837985 : 0
0.9183204915404475, 0.16733540951258452 : 1
2.8556117866798267, 7.673840575704207 : 0
7.008812978827685, 2.392351190766102 : 1
8.401112270203265, 4.0627993879604185 : 0
0.8497500184569495, 0.29567760388405695 : 1
4.33478864333106, 7.284048729649802 : 0
5.3451725672600325, 1.8175301555465717 : 1
3.2542714205408583, 8.423341927839326 : 0
8.505398133323695, 5.633467743416539 : 0
5.972400070190121, 2.6369862856572768 : 1
4.572084513871685, 2.8879746476333623 : 1
8.67965620851191, 3.104303508161231 : 1
0.1509321461325952, 0.27346556962957846 : 1
6.112546633888724, 1.027409933418375 : 1
9.942483953610918, 6.863117284153692 : 0
2.027931064365375, 6.7214189055637625 : 0
3.7682826708327175, 1.3028590784922722 : 1
8.671758514515084, 5.307905708925794 : 0
3.650879637152128, 5.339882381221298 : 0
0.598213548861487, 6.891923640216127 : 0
5.590688409063077, 4.557105007856126 : 0
8.303181960322961, 9.502718961890121 : 0
8.19589686048565, 7.157218558444098 : 0
8.54059691397224, 6.562748091791604 : 0
8.803370872266573, 3.5567317595928847 : 1
5.435112284319315, 7.194968715693949 : 0
6.434107869261515, 6.896840428095528 : 0
8.69019788098036, 5.623451911171655 : 0
0.6598863828934554, 1.7117434800515918 : 1
6.23433608952269, 3.589502177073365 : 1
3.33708632078928, 0.479703977519097 : 1
6.9386503846755785, 1.5996471714496674 : 1
7.059757461395923, 1.763890536838263 : 1
5.053024338922597, 2.0370251643145876 : 1
0.33291205508537813, 9.97595290602975 : 0
2.419449519463014, 5.46168609144029 : 0
9.180900704511037, 4.94518261243134 : 0
9.283080708783512, 1.853612478926645 : 1
3.7229633347920688, 7.851383789783405 : 0
3.863230111157512, 8.413066896974971 : 0
3.763529534012565, 4.158109293569244 : 1
1.0665008411866073, 8.682028975548837 : 0
1.9523261028062577, 7.2259941079121335 : 0
5.279481836058871, 4.323998428645687 : 1
2.1624864129452757, 7.867284935664625 : 0
8.407552254338915, 0.35457674465872 : 1
9.869988374622285, 0.07081764598658835 : 1
2.1933032019342824, 8.38730785553907 : 0
7.973524157638595, 0.1087038478865876 : 1
6.450113686544182, 6.436211301010389 : 0
6.068770443161698, 1.3764374924057632 : 1
8.100669875510402, 8.864232949478712 : 0
4.877853620240538, 8.959143105302289 : 0
